# RIT 1929.dat renotations; preselected all 5-prefixed families, values 3,5,7, every listed chroma.
# Columns: hue V C x y Y. This is not the complete Munsell dataset.
5R 3 2 .3645 .3190 6.555
5R 3 4 .4148 .3190 6.555
5R 3 6 .4592 .3168 6.555
5R 3 8 .5064 .3114 6.555
5R 3 10 .5500 .3024 6.555
5YR 3 2 .3771 .3476 6.555
5YR 3 4 .4376 .3715 6.555
5Y 3 2 .3646 .3748 6.555
5GY 3 2 .3319 .3729 6.555
5GY 3 4 .3554 .4429 6.555
5G 3 2 .2935 .3439 6.555
5G 3 4 .2711 .3780 6.555
5BG 3 2 .2742 .3192 6.555
5BG 3 4 .2343 .3200 6.555
5BG 3 6 .2020 .3188 6.555
5B 3 2 .2617 .2921 6.555
5B 3 4 .2176 .2632 6.555
5B 3 6 .1835 .2375 6.555
5PB 3 2 .2708 .2719 6.555
5PB 3 4 .2393 .2361 6.555
5PB 3 6 .2122 .2052 6.555
5PB 3 8 .1908 .1799 6.555
5PB 3 10 .1718 .1562 6.555
5PB 3 12 .1557 .1356 6.555
5P 3 2 .2997 .2700 6.555
5P 3 4 .2928 .2386 6.555
5P 3 6 .2870 .2135 6.555
5P 3 8 .2819 .1910 6.555
5P 3 10 .2772 .1707 6.555
5RP 3 2 .3370 .2940 6.555
5RP 3 4 .3586 .2742 6.555
5RP 3 6 .3765 .2569 6.555
5RP 3 8 .3930 .2395 6.555
5RP 3 10 .4073 .2235 6.555
5R 5 2 .3392 .3192 19.770
5R 5 4 .3740 .3220 19.770
5R 5 6 .4078 .3238 19.770
5R 5 8 .4413 .3240 19.770
5R 5 10 .4747 .3227 19.770
5R 5 12 .5071 .3194 19.770
5YR 5 2 .3530 .3395 19.770
5YR 5 4 .3968 .3614 19.770
5YR 5 6 .4420 .3808 19.770
5YR 5 8 .4830 .3960 19.770
5YR 5 10 .5161 .4064 19.770
5Y 5 2 .3500 .3620 19.770
5Y 5 4 .3915 .4057 19.770
5Y 5 6 .4302 .4435 19.770
5GY 5 2 .3289 .3612 19.770
5GY 5 4 .3482 .4097 19.770
5GY 5 6 .3663 .4614 19.770
5GY 5 8 .3815 .5093 19.770
5G 5 2 .2978 .3392 19.770
5G 5 4 .2841 .3628 19.770
5G 5 6 .2690 .3860 19.770
5G 5 8 .2511 .4107 19.770
5BG 5 2 .2841 .3210 19.770
5BG 5 4 .2591 .3246 19.770
5BG 5 6 .2360 .3270 19.770
5B 5 2 .2794 .3032 19.770
5B 5 4 .2493 .2879 19.770
5B 5 6 .2215 .2701 19.770
5PB 5 2 .2882 .2923 19.770
5PB 5 4 .2662 .2687 19.770
5PB 5 6 .2447 .2449 19.770
5PB 5 8 .2255 .2239 19.770
5PB 5 10 .2080 .2041 19.770
5P 5 2 .3045 .2928 19.770
5P 5 4 .2986 .2699 19.770
5P 5 6 .2932 .2487 19.770
5P 5 8 .2885 .2296 19.770
5P 5 10 .2845 .2137 19.770
5RP 5 2 .3256 .3065 19.770
5RP 5 4 .3421 .2954 19.770
5RP 5 6 .3585 .2842 19.770
5RP 5 8 .3748 .2729 19.770
5RP 5 10 .3880 .2630 19.770
5R 7 2 .3306 .3190 43.060
5R 7 4 .3552 .3222 43.060
5R 7 6 .3805 .3244 43.060
5R 7 8 .4067 .3256 43.060
5YR 7 2 .3421 .3349 43.060
5YR 7 4 .3750 .3530 43.060
5YR 7 6 .4091 .3701 43.060
5YR 7 8 .4402 .3842 43.060
5YR 7 10 .4711 .3972 43.060
5Y 7 2 .3419 .3540 43.060
5Y 7 4 .3718 .3885 43.060
5Y 7 6 .4009 .4198 43.060
5Y 7 8 .4271 .4462 43.060
5Y 7 10 .4509 .4696 43.060
5GY 7 2 .3284 .3559 43.060
5GY 7 4 .3437 .3929 43.060
5GY 7 6 .3581 .4291 43.060
5GY 7 8 .3722 .4669 43.060
5GY 7 10 .3852 .5051 43.060
5G 7 2 .3001 .3366 43.060
5G 7 4 .2902 .3548 43.060
5G 7 6 .2801 .3721 43.060
5BG 7 2 .2898 .3225 43.060
5BG 7 4 .2712 .3269 43.060
5B 7 2 .2875 .3078 43.060
5B 7 4 .2633 .2972 43.060
5B 7 6 .2410 .2854 43.060
5PB 7 2 .2952 .3011 43.060
5PB 7 4 .2773 .2828 43.060
5PB 7 6 .2596 .2643 43.060
5P 7 2 .3059 .3010 43.060
5P 7 4 .3009 .2831 43.060
5P 7 6 .2961 .2663 43.060
5RP 7 2 .3206 .3104 43.060
5RP 7 4 .3332 .3032 43.060
5RP 7 6 .3470 .2949 43.060
5RP 7 8 .3603 .2869 43.060
